(Preferred) sampling frequency set to 10 Hz.
Your device may not support this sampling frequency, so always check your timestamps!
ATTITUDE 23.897750 0.397304 0.579400 -103.638085
ACCEL 23.897816 -0.010544 0.008667 1.010742
GYRO 23.897837 -0.037442 0.018155 -0.003465
MAGNETO 23.897857 75.338577 -71.834473 -19.706268
ATTITUDE 23.997754 0.391154 0.588533 -103.647894
ACCEL 23.997823 -0.010696 0.006958 1.011414
GYRO 23.997843 -0.036375 0.016028 -0.003459
MAGNETO 23.997863 75.688980 -72.184875 -20.374283
ATTITUDE 24.097777 0.399826 0.598939 -103.657412
ACCEL 24.097917 -0.008484 0.008942 1.011154
GYRO 24.097940 -0.035289 0.018151 -0.004515
MAGNETO 24.097962 76.915436 -71.659271 -21.543304
ATTITUDE 24.197715 0.408196 0.615775 -103.667476
ACCEL 24.197766 0.067322 -0.049561 1.030014
GYRO 24.197786 -0.038576 0.021339 0.003994
MAGNETO 24.197805 76.389816 -72.184875 -21.042297
ATTITUDE 24.297745 0.412091 0.607300 -103.677666
ACCEL 24.297806 -0.010300 0.008698 1.009186
GYRO 24.297826 -0.036371 0.018153 -0.003457
MAGNETO 24.297845 75.513779 -72.710495 -20.541290
ATTITUDE 24.397753 0.414761 0.617340 -103.685210
ACCEL 24.397798 -0.011887 0.010315 1.009232
GYRO 24.397817 -0.035289 0.018151 -0.004515
MAGNETO 24.397849 76.740219 -71.133652 -20.040283
ATTITUDE 24.496850 0.420137 0.629655 -103.696038
ACCEL 24.496890 -0.012207 0.008362 1.011108
GYRO 24.496907 -0.035299 0.018150 -0.003449
MAGNETO 24.496924 77.090637 -72.535294 -20.040283
ATTITUDE 24.597734 0.423744 0.639069 -103.704457
ACCEL 24.597778 -0.011887 0.007156 1.010376
GYRO 24.597795 -0.034227 0.018147 -0.003441
MAGNETO 24.597812 76.214600 -72.710495 -20.875290
ATTITUDE 24.697862 0.418881 0.643064 -103.711961
ACCEL 24.697965 -0.009735 0.007416 1.011520
GYRO 24.698019 -0.036368 0.019215 -0.003456
MAGNETO 24.698072 76.214600 -74.812973 -20.207275
ATTITUDE 24.797862 0.421086 0.644742 -103.720591
ACCEL 24.797966 -0.011322 0.008408 1.011642
GYRO 24.798020 -0.036378 0.019214 -0.002390
MAGNETO 24.798073 76.565018 -73.411331 -20.541290
ATTITUDE 24.897939 0.423664 0.647409 -103.732928
ACCEL 24.898111 -0.009842 0.007706 1.011856
GYRO 24.898172 -0.036361 0.018153 -0.004523
MAGNETO 24.898229 76.565018 -72.009674 -19.539276
ATTITUDE 24.997990 0.429170 0.677949 -103.742281
ACCEL 24.998121 -0.013672 0.002289 1.003723
GYRO 24.998179 -0.030985 0.031950 -0.003407
MAGNETO 24.998236 76.389816 -73.586533 -19.706268
ATTITUDE 25.097948 0.485916 0.727898 -103.746242
ACCEL 25.098078 -0.013840 0.008224 1.013458
GYRO 25.098135 -0.023495 0.030868 -0.002285
MAGNETO 25.098190 76.740219 -73.936935 -20.374283
ATTITUDE 25.197950 0.594452 0.645154 -103.785542
ACCEL 25.198081 0.001755 0.093414 1.010376
GYRO 25.198138 -0.026647 0.033005 -0.008706
MAGNETO 25.198194 75.864197 -73.411331 -19.539276
ATTITUDE 25.298374 0.824941 0.668088 -103.948114
ACCEL 25.298553 0.002213 0.132050 1.007980
GYRO 25.298640 -0.030101 -0.012679 0.007231
MAGNETO 25.298697 76.039398 -73.236115 -19.706268
ATTITUDE 25.397961 0.854792 0.627301 -103.938174
ACCEL 25.398377 0.004211 0.200607 1.016510
GYRO 25.398455 -0.007261 0.003135 0.090592
MAGNETO 25.398511 76.389816 -71.834473 -18.704254
ATTITUDE 25.498039 1.306325 0.610887 -103.547253
ACCEL 25.498355 -0.036469 0.119568 0.983414
GYRO 25.498441 0.002913 0.050951 0.043782
MAGNETO 25.498497 75.688980 -73.586533 -15.698212
ATTITUDE 25.597858 1.456939 0.785451 -103.158793
ACCEL 25.597984 -0.020920 -0.016556 1.016464
GYRO 25.598040 -0.054243 0.063809 0.084955
MAGNETO 25.598096 76.565018 -70.608032 -14.863205
ATTITUDE 25.698058 1.417365 0.949301 -101.803046
ACCEL 25.698186 -0.032516 -0.129333 0.994400
GYRO 25.698353 -0.044704 0.063866 -0.019482
MAGNETO 25.698445 77.791458 -70.432816 -12.692169
ATTITUDE 25.797817 1.213597 1.247461 -102.354073
ACCEL 25.797922 -0.001755 -0.140259 1.010498
GYRO 25.797976 -0.067205 0.041617 -0.024998
MAGNETO 25.798029 77.265839 -71.308853 -11.857162
ATTITUDE 25.897942 0.856805 1.212838 -102.241840
ACCEL 25.898072 -0.002838 -0.125656 1.013855
GYRO 25.898127 -0.022617 -0.002078 0.011560
MAGNETO 25.898183 79.017899 -68.855972 -11.523163
ATTITUDE 25.997936 0.602520 1.157310 -102.225009
ACCEL 25.998063 -0.017365 0.003616 1.010239
GYRO 25.998118 -0.027799 0.022380 -0.002324
MAGNETO 25.998174 77.791458 -69.381592 -11.022156
ATTITUDE 26.097945 0.633955 1.174715 -102.208613
ACCEL 26.098074 -0.017654 -0.034393 1.011887
GYRO 26.098130 -0.029968 0.019197 -0.000209
MAGNETO 26.098186 76.915436 -69.556793 -11.523163
ATTITUDE 26.197928 0.161126 1.172295 -102.075793
ACCEL 26.198125 -0.029694 -0.155396 1.010910
GYRO 26.198196 -0.035543 0.010606 0.137309
MAGNETO 26.198252 78.667496 -70.608032 -13.193176
ATTITUDE 26.297934 0.324120 1.127379 -101.463220
ACCEL 26.298061 -0.008575 -0.172775 1.026077
GYRO 26.298119 -0.008783 0.008502 0.024468
MAGNETO 26.298176 78.317078 -70.958435 -11.189148
ATTITUDE 26.398247 0.026988 0.950134 -101.617695
ACCEL 26.398413 -0.018600 -0.165497 1.023773
GYRO 26.398479 -0.070461 -0.023170 -0.034667
MAGNETO 26.398537 76.740219 -70.783234 -14.028198
ATTITUDE 26.497878 -0.588009 0.751188 -101.177461
ACCEL 26.498002 0.006409 -0.079590 1.030090
GYRO 26.498060 0.008619 0.003169 -0.004199
MAGNETO 26.498115 76.915436 -71.659271 -16.533234
ATTITUDE 26.597946 -0.857849 0.563929 -100.996050
ACCEL 26.598078 0.044312 0.079163 1.053528
GYRO 26.598134 -0.076178 0.037089 0.365236
MAGNETO 26.598190 77.616257 -72.710495 -19.873276
ATTITUDE 26.697939 -1.333100 0.825534 -98.676421
ACCEL 26.698067 -0.062775 0.103226 0.998550
GYRO 26.698124 -0.134371 0.086155 0.294455
MAGNETO 26.698179 75.688980 -68.680756 -24.382339
ATTITUDE 26.797942 -1.558185 1.221661 -97.245228
ACCEL 26.798072 0.027649 0.196274 0.990189
GYRO 26.798177 -0.066147 0.134905 0.228883
MAGNETO 26.798237 77.265839 -65.702255 -25.551361
ATTITUDE 26.897942 -1.634080 1.514914 -97.260776
ACCEL 26.898071 -0.000595 0.229248 1.012634
GYRO 26.898128 -0.048515 0.013200 -0.430113
MAGNETO 26.898183 78.317078 -62.548553 -25.885361
ATTITUDE 26.997833 -1.196070 1.438868 -99.066111
ACCEL 26.997955 -0.022461 0.002731 1.006989
GYRO 26.998014 -0.038895 0.033087 -0.074914
MAGNETO 26.998069 77.441040 -63.774994 -26.386368
ATTITUDE 27.098089 -1.209737 1.451903 -100.028121
ACCEL 27.098257 -0.012665 0.106400 1.012222
GYRO 27.098358 -0.026703 0.001405 -0.357443
MAGNETO 27.098451 77.265839 -62.548553 -26.887375
ATTITUDE 27.197834 -1.201335 1.384294 -101.547934
ACCEL 27.197959 -0.013916 0.185226 1.006531
GYRO 27.198019 -0.032426 -0.029683 0.023197
MAGNETO 27.198074 77.441040 -64.826233 -26.386368
ATTITUDE 27.297938 -1.188647 1.077541 -100.970389
ACCEL 27.298461 -0.015579 0.122589 0.944305
GYRO 27.298593 0.063673 -0.077659 -0.064633
MAGNETO 27.298668 77.616257 -67.804733 -24.883347
ATTITUDE 27.397881 -0.917597 1.001480 -100.784197
ACCEL 27.398003 -0.008591 -0.065155 1.004745
GYRO 27.398059 -0.034116 -0.023358 0.091439
MAGNETO 27.398114 77.090637 -70.082413 -23.380325
ATTITUDE 27.498471 -0.670387 0.867741 -100.306406
ACCEL 27.498603 0.023880 -0.169708 0.983917
GYRO 27.498662 0.045703 -0.026699 0.035512
MAGNETO 27.498717 76.214600 -72.710495 -20.875290
ATTITUDE 27.597867 -0.549908 0.747331 -100.666361
ACCEL 27.597983 -0.020325 -0.131622 1.014191
GYRO 27.598040 -0.039051 0.003423 -0.180511
MAGNETO 27.598150 77.441040 -72.885712 -19.038269
ATTITUDE 27.697919 -1.098789 0.675333 -101.177352
ACCEL 27.698110 -0.006622 0.007721 1.013412
GYRO 27.698181 -0.039563 0.024535 -0.004543
MAGNETO 27.698238 77.616257 -73.411331 -18.871262
ATTITUDE 27.797938 -1.139471 0.695937 -101.189960
ACCEL 27.798064 -0.006012 0.009537 1.012238
GYRO 27.798120 -0.036383 0.017090 -0.002392
MAGNETO 27.798176 76.740219 -71.834473 -18.036255
ATTITUDE 27.897921 -0.939252 0.677806 -101.198207
ACCEL 27.898043 -0.007141 0.007462 1.010376
GYRO 27.898101 -0.035287 0.019213 -0.004515
MAGNETO 27.898155 78.141876 -71.834473 -18.704254
ATTITUDE 27.998152 -0.397765 0.579846 -101.209900
ACCEL 27.998276 -0.007690 0.008469 1.011963
GYRO 27.998334 -0.036368 0.019215 -0.003456
MAGNETO 27.998389 76.565018 -72.009674 -18.537262
ATTITUDE 28.097599 -0.136121 0.544455 -101.220779
ACCEL 28.097725 -0.006393 0.008636 1.011520
GYRO 28.097781 -0.036371 0.018153 -0.003457
MAGNETO 28.097836 75.688980 -70.783234 -19.372269
ATTITUDE 28.198602 0.007177 0.517302 -101.229414
ACCEL 28.198733 -0.006088 0.008347 1.010834
GYRO 28.198790 -0.036359 0.019216 -0.004523
MAGNETO 28.198873 76.915436 -72.710495 -18.203247
ATTITUDE 28.297942 0.098099 0.502963 -101.240105
ACCEL 28.298071 -0.006790 0.008484 1.011551
GYRO 28.298129 -0.035295 0.020275 -0.003447
MAGNETO 28.298185 77.265839 -72.009674 -17.869247
